359 10
357 12
350 12
347 15
346 15
345 16
344 16
343 17
339 17
329 27
329 29
324 34
324 39
323 40
323 48
324 48
326 46
327 46
329 44
330 45
330 67
329 68
329 74
328 75
327 75
326 74
324 74
324 81
326 83
326 91
327 92
327 96
328 97
328 101
330 103
330 106
331 107
331 110
332 111
332 112
333 113
333 115
334 116
334 118
335 119
335 120
336 121
336 122
338 124
338 135
337 136
336 136
333 139
332 139
330 141
329 141
327 143
326 143
325 144
322 144
320 146
318 146
317 147
314 147
313 148
311 148
310 149
309 149
308 150
306 150
305 151
304 151
303 152
302 152
301 153
298 153
297 154
295 154
293 156
290 156
289 157
288 157
287 158
285 158
284 159
283 159
281 161
280 161
279 162
278 162
276 164
270 164
269 165
268 165
264 169
264 171
258 177
258 178
255 181
255 182
254 183
254 184
249 189
249 190
248 191
248 192
247 193
247 194
245 196
245 197
241 201
241 202
239 204
239 206
238 207
238 208
237 209
237 211
235 213
235 214
232 217
232 219
231 220
231 221
227 225
227 227
226 228
225 228
221 232
221 235
218 238
216 238
215 239
215 241
216 242
216 245
214 247
214 248
213 249
212 249
211 248
210 248
210 249
209 250
205 250
202 253
202 254
201 255
201 256
196 261
195 261
194 262
193 262
192 263
190 263
188 265
186 265
183 268
183 269
178 274
176 274
174 276
173 276
169 280
168 280
150 298
150 299
135 314
135 316
134 317
133 317
130 320
129 320
96 353
94 353
90 357
89 357
88 358
87 358
86 359
86 360
84 362
83 362
83 363
84 364
83 365
82 365
71 376
70 376
67 379
66 379
63 382
62 382
62 383
61 384
60 384
59 385
59 386
56 389
55 389
54 388
54 390
53 391
52 391
50 393
50 395
43 402
40 402
34 408
34 412
33 413
33 414
26 421
25 420
25 418
22 421
21 421
20 422
19 422
19 429
17 431
17 432
20 432
22 430
23 430
24 429
26 429
32 423
36 423
45 414
46 414
47 413
48 413
50 411
51 411
52 410
53 410
54 411
54 426
55 426
57 424
60 424
61 425
61 426
62 427
62 428
64 430
66 430
71 425
71 424
72 423
72 422
76 418
76 416
77 415
77 414
79 412
79 411
91 399
91 398
93 396
93 395
94 394
94 391
95 390
95 389
96 388
96 386
97 385
98 385
105 392
106 392
109 395
113 395
116 392
117 392
118 391
119 391
125 385
127 385
129 383
130 383
132 381
133 381
134 380
135 380
138 377
139 377
140 376
141 376
144 373
145 373
146 372
147 372
148 371
149 371
152 368
153 368
154 367
155 367
160 362
161 362
163 360
164 360
166 358
167 358
168 357
169 357
176 350
177 350
205 322
206 322
215 313
216 313
237 292
237 291
270 258
270 257
272 255
273 255
274 256
274 271
275 272
275 287
276 288
276 292
277 293
277 314
276 315
276 316
275 317
275 322
274 323
274 341
272 343
272 345
271 346
271 347
270 348
270 350
269 351
269 352
268 353
268 355
267 356
267 357
266 358
266 360
265 361
265 362
264 363
264 365
263 366
263 369
262 370
262 374
261 375
261 376
260 377
260 392
261 393
261 398
258 401
258 405
257 406
257 409
256 410
256 419
253 422
253 423
254 424
254 425
253 426
253 431
252 432
252 441
254 443
253 444
251 444
251 448
250 449
250 457
249 458
249 461
248 462
248 466
246 468
246 475
244 477
244 487
242 489
242 503
241 504
241 512
240 513
237 513
237 514
239 516
239 518
240 519
240 541
239 542
239 545
238 546
238 563
237 564
236 564
236 652
234 654
234 664
233 665
233 667
232 668
232 685
230 687
230 689
229 690
229 697
228 698
228 703
227 704
226 704
226 712
224 714
224 722
223 723
223 724
222 725
222 748
221 749
220 749
220 769
219 770
219 796
218 797
218 800
217 801
217 803
216 804
216 806
214 808
214 814
213 815
212 815
212 824
211 825
211 828
210 829
210 845
212 847
212 852
213 853
213 854
211 856
211 857
208 860
207 860
204 863
203 863
200 866
198 866
197 867
196 867
195 868
194 868
193 869
191 869
190 870
189 870
188 871
187 871
183 875
182 875
182 876
181 877
181 882
182 883
182 891
181 892
181 895
182 896
182 900
183 900
184 901
189 901
190 902
192 902
196 906
196 908
199 911
202 911
203 912
203 914
209 920
230 920
231 919
235 919
237 917
250 917
251 918
270 918
277 911
277 906
276 905
276 897
281 892
282 892
291 883
298 883
299 882
301 882
305 878
305 855
270 855
269 854
269 848
270 847
270 846
272 844
272 842
276 838
276 836
278 834
278 831
279 830
279 826
280 825
280 817
281 816
281 784
282 783
282 766
283 765
283 762
284 761
284 759
285 758
285 756
286 755
286 753
287 752
287 748
288 747
288 744
289 743
289 740
290 739
290 737
291 736
291 731
292 730
292 712
293 711
293 710
294 709
294 694
293 693
293 690
295 688
295 687
296 686
296 684
297 683
297 675
298 674
298 673
302 669
302 668
303 667
303 666
304 665
304 664
306 662
306 659
307 658
307 656
308 655
308 653
309 652
309 648
310 647
310 645
311 644
311 643
312 642
312 639
313 638
313 633
315 631
315 629
316 628
316 624
318 622
318 619
319 618
319 615
320 614
320 612
321 611
321 609
322 608
322 603
323 602
323 600
324 599
324 597
325 596
325 594
326 593
326 590
327 589
327 586
328 585
328 582
331 579
332 579
332 577
333 576
333 574
334 573
334 572
335 571
335 570
336 569
336 564
337 563
337 559
340 556
340 553
341 552
341 551
343 549
344 549
346 551
346 558
347 559
347 562
348 563
348 568
349 569
349 574
350 575
350 577
351 578
351 581
352 582
352 586
354 588
354 590
355 591
355 594
356 595
356 596
357 597
357 602
358 603
358 605
359 606
359 609
361 611
361 612
362 613
362 615
363 616
363 617
364 618
364 619
365 620
365 626
366 627
366 628
367 629
367 631
368 632
368 634
369 635
369 637
370 638
370 639
371 640
371 641
373 643
373 647
374 648
374 655
376 657
376 664
377 665
377 668
378 669
378 671
379 672
379 678
380 679
380 680
381 681
381 683
382 684
382 688
383 689
383 692
384 693
384 695
385 696
385 699
386 700
386 701
387 702
387 715
388 716
388 753
389 754
389 756
390 756
393 759
393 762
394 763
394 769
395 770
395 772
398 775
398 779
400 781
400 782
401 783
401 784
402 785
401 786
401 803
402 804
402 839
403 840
403 843
404 844
404 848
406 850
406 862
407 863
406 864
406 865
405 866
405 868
406 869
406 871
408 873
408 875
411 878
411 883
416 888
416 890
417 891
419 891
422 894
423 894
424 895
424 899
426 901
426 906
425 907
425 911
426 912
426 913
427 914
426 915
424 915
424 918
425 919
425 924
424 925
423 925
422 926
413 926
411 928
411 933
457 933
457 921
459 919
459 918
461 916
463 916
464 915
466 915
467 914
472 914
474 912
474 911
476 909
475 908
475 907
478 904
478 896
477 895
477 894
476 893
476 891
475 890
475 889
472 886
472 883
470 881
470 876
467 873
467 871
466 870
465 870
464 869
464 865
461 862
461 861
462 860
463 860
462 859
461 859
460 858
460 857
458 855
458 848
459 847
459 833
458 832
458 819
457 818
457 809
456 808
456 765
457 764
457 751
456 750
456 748
455 747
455 723
454 722
454 710
453 709
453 700
452 699
452 694
451 693
451 688
450 687
450 685
449 684
449 582
450 581
450 578
451 577
451 571
452 570
453 570
453 560
454 559
455 559
455 527
454 526
454 525
453 524
453 515
452 514
452 497
451 496
451 490
450 489
450 481
449 480
449 474
448 473
448 464
447 463
447 460
445 458
445 445
444 444
444 442
443 441
443 440
446 437
446 435
447 434
447 424
445 422
445 417
446 416
446 407
447 406
447 395
445 393
445 386
444 385
444 378
445 377
445 370
446 369
446 327
447 326
447 321
448 320
448 304
449 303
449 299
450 298
450 297
451 296
451 295
452 294
452 291
453 290
453 287
454 286
454 284
455 283
455 279
457 277
457 274
458 273
458 270
459 269
459 265
463 261
464 261
466 263
466 265
471 270
471 271
476 276
476 277
480 281
480 282
482 284
482 285
485 288
485 289
505 309
505 310
508 313
508 314
514 320
514 321
518 325
518 326
525 333
525 334
528 337
528 338
534 344
534 345
537 348
537 349
539 351
539 352
548 361
548 362
561 375
561 376
562 376
582 396
583 396
586 399
588 399
599 410
600 410
607 417
608 417
609 416
612 416
613 415
614 415
615 416
615 417
618 420
618 421
624 427
625 427
627 429
628 429
629 428
632 431
632 432
642 442
645 442
646 443
648 443
649 442
650 442
661 453
663 453
666 456
666 457
667 458
667 461
670 464
670 465
671 466
671 468
672 469
675 469
678 472
682 472
683 471
683 469
681 467
681 465
680 464
680 461
679 460
679 457
678 456
678 454
677 453
677 451
675 449
675 447
674 446
674 444
670 440
670 439
662 431
662 430
659 427
659 426
657 424
657 423
656 422
656 420
649 413
649 412
645 408
645 407
644 406
644 405
640 401
640 400
636 396
639 393
639 390
629 380
628 380
626 378
626 377
622 373
622 372
619 369
619 368
614 363
614 362
612 360
611 360
609 358
609 357
607 355
607 354
606 353
606 352
601 347
601 345
595 339
595 338
592 335
592 334
591 333
591 332
589 330
589 329
584 324
584 323
581 320
581 319
578 316
578 315
575 312
575 310
573 308
573 307
569 303
569 301
564 296
564 294
559 289
556 289
553 286
553 283
549 279
547 279
546 278
545 278
543 276
540 276
539 275
537 275
534 272
534 271
533 270
533 269
531 267
531 265
530 264
530 262
528 260
528 259
524 255
523 255
520 252
520 249
519 248
519 247
516 244
516 242
513 239
512 239
510 237
510 234
509 233
509 230
506 227
506 225
505 224
505 221
502 218
502 217
500 215
500 214
499 213
499 212
498 211
498 210
497 209
497 207
495 205
495 204
494 203
494 202
493 201
493 200
492 199
492 198
490 196
490 195
489 194
489 193
488 192
488 191
486 189
486 186
485 186
475 176
475 175
474 174
474 173
471 170
470 170
467 167
463 167
460 164
459 164
454 159
452 159
451 158
449 158
448 157
447 157
446 156
444 156
442 154
441 154
440 153
437 153
435 151
434 151
433 150
432 150
431 149
430 149
429 148
426 148
425 147
424 147
423 146
422 146
421 145
420 145
419 144
417 144
416 143
414 143
409 138
407 138
403 134
400 134
399 133
395 133
394 132
394 119
397 116
397 112
398 111
398 107
399 106
399 101
403 97
403 96
404 95
404 87
405 86
405 84
406 83
406 71
405 70
405 69
402 66
402 42
401 41
401 39
400 38
400 34
399 33
399 32
397 30
397 29
395 27
395 25
390 20
390 19
392 17
393 17
381 17
379 15
379 13
381 11
382 11
362 11
361 10
