263 29
262 30
252 30
249 33
247 33
246 34
246 35
244 37
244 38
243 39
238 39
233 44
231 44
229 46
228 46
227 47
225 47
224 48
220 48
216 52
214 52
208 58
208 60
209 61
209 66
206 69
206 72
205 73
204 73
204 80
203 81
203 92
208 97
208 98
210 100
210 116
211 117
211 118
215 122
215 138
211 142
211 144
214 147
214 148
216 150
212 154
211 154
210 155
208 155
206 157
203 157
199 161
198 161
198 162
197 163
196 163
196 171
194 173
194 174
192 176
192 177
190 179
192 181
192 183
182 193
181 193
176 198
175 198
173 200
173 201
172 202
170 202
166 206
165 206
163 208
162 208
161 207
160 208
159 208
155 212
154 212
152 214
152 215
150 217
147 217
146 218
145 218
143 220
142 220
140 222
139 222
126 235
126 236
112 250
112 251
108 255
107 255
107 256
103 260
102 260
96 266
95 266
95 267
94 268
92 268
88 272
87 272
84 275
83 275
79 279
77 279
76 280
74 280
73 281
69 281
67 283
65 283
63 285
61 285
60 286
55 286
53 288
51 288
47 292
45 292
44 293
43 293
39 297
38 297
34 301
34 302
35 303
35 307
36 308
38 308
39 309
39 314
40 315
40 316
41 317
43 317
46 320
46 321
47 322
47 323
46 324
50 324
52 326
55 326
56 325
56 322
57 321
64 321
65 320
66 320
69 317
70 317
74 313
75 313
78 310
81 310
82 309
85 309
85 308
89 304
90 304
93 301
94 301
98 297
98 296
105 289
107 289
108 288
110 288
110 287
111 286
112 286
113 285
113 284
115 282
117 282
118 281
120 281
125 276
126 276
126 275
127 274
129 274
132 271
133 271
140 264
141 264
146 259
147 259
148 258
149 258
156 251
157 251
157 250
160 247
160 244
162 242
162 241
167 236
168 236
169 235
171 235
173 233
175 233
177 231
178 231
180 229
181 229
185 225
186 225
187 224
188 224
190 222
192 222
197 217
198 217
199 216
200 216
203 213
204 213
206 211
209 211
210 212
210 217
211 218
211 226
213 228
213 241
212 242
212 254
214 256
214 262
211 265
211 270
209 272
209 274
208 275
208 284
207 285
207 287
203 291
204 292
204 293
203 294
203 296
202 297
202 298
201 299
201 303
200 304
200 307
199 308
198 308
197 309
197 313
196 314
196 315
195 316
195 320
194 321
194 324
195 325
195 327
193 329
193 336
192 337
192 345
191 346
191 352
190 353
190 360
189 361
189 371
188 372
188 377
187 378
187 384
186 385
186 392
185 393
185 400
184 401
184 408
183 409
183 416
182 417
182 423
181 424
181 431
180 432
180 439
179 440
179 453
178 454
178 463
179 464
179 465
180 466
180 467
188 475
191 475
194 478
197 478
198 479
203 479
204 480
204 484
205 485
205 490
206 491
206 493
207 494
207 514
209 516
209 527
210 528
210 541
208 543
208 551
210 553
210 556
211 557
211 575
212 576
212 584
217 589
217 590
218 590
219 591
218 592
215 592
215 595
216 596
216 612
218 614
218 619
220 621
220 629
218 631
218 634
219 634
220 635
223 635
224 636
223 637
209 637
208 638
214 638
216 640
216 644
215 645
215 646
216 646
217 647
217 649
216 650
216 651
217 652
217 653
216 654
216 655
217 655
219 657
219 662
218 663
218 665
219 666
219 667
223 671
239 671
240 672
324 672
325 671
325 670
326 669
332 669
333 668
333 663
332 662
332 660
335 657
335 656
338 653
338 639
339 638
346 638
346 637
339 637
338 636
329 636
328 635
323 635
322 634
320 634
319 633
319 631
318 631
316 629
316 628
315 627
311 627
306 622
306 619
304 617
304 609
302 607
302 596
303 595
303 594
302 593
305 590
305 578
306 577
306 574
307 573
307 568
308 567
308 563
309 562
309 556
310 555
310 547
311 546
312 546
312 541
313 540
313 532
314 531
314 525
315 524
315 517
316 516
316 499
317 498
317 485
318 484
318 473
319 472
319 468
317 466
317 463
318 462
320 464
321 464
322 463
325 463
327 465
349 465
351 463
355 463
355 462
356 461
356 459
357 458
358 458
359 457
365 457
368 454
368 450
371 447
371 446
370 445
370 443
366 439
366 420
372 414
371 413
371 404
370 403
370 394
367 391
367 388
366 387
366 355
365 354
365 345
364 344
364 335
363 334
363 325
362 324
362 315
361 314
361 311
360 310
360 307
359 306
359 297
346 284
346 281
345 280
341 280
340 279
340 276
338 274
338 245
337 244
337 240
336 239
336 232
338 230
338 228
339 227
339 226
337 226
336 225
336 208
339 205
340 206
343 206
348 211
350 211
352 213
353 213
354 214
355 214
358 217
363 217
365 219
367 219
369 221
370 221
371 222
373 222
376 225
377 225
378 226
383 226
384 227
384 228
387 228
392 233
393 233
394 234
397 234
400 237
401 237
402 238
404 238
406 240
407 240
408 241
412 241
413 242
415 242
417 244
420 244
422 246
424 246
425 247
425 248
426 249
429 249
430 250
431 250
432 251
438 251
439 252
441 252
442 253
443 253
444 254
445 254
447 256
451 256
455 260
457 260
458 261
462 261
463 262
464 262
466 264
469 264
473 268
473 269
474 270
474 271
486 283
488 283
493 288
495 288
498 291
499 291
509 301
514 301
514 297
516 295
518 297
519 297
521 299
526 299
527 298
526 298
525 297
526 296
534 296
534 282
532 280
531 280
530 279
530 276
529 275
529 273
525 273
524 272
523 272
522 271
521 271
516 266
516 265
510 259
509 259
506 256
505 256
504 255
503 255
502 254
500 254
499 253
498 253
497 252
495 252
492 249
491 249
486 244
483 244
480 241
479 241
477 239
475 239
471 235
470 235
469 234
466 234
464 232
463 232
456 225
453 225
441 213
439 213
438 212
437 212
436 211
433 211
424 202
423 202
422 201
421 201
420 200
417 200
415 198
413 198
412 197
411 197
410 196
401 196
400 195
399 195
397 193
395 193
392 190
391 190
389 188
387 188
385 186
384 186
378 180
376 180
374 178
373 178
366 171
366 170
357 161
357 160
356 159
355 159
352 156
351 156
349 154
348 154
345 151
346 150
346 148
345 147
346 146
345 145
345 141
344 140
344 130
340 126
340 121
338 119
338 108
336 106
336 105
334 103
334 87
331 84
331 82
330 81
330 70
329 69
328 69
327 68
327 65
322 65
321 64
320 64
317 61
315 61
314 60
314 59
313 58
313 56
312 55
312 53
310 51
310 43
309 42
307 42
306 41
306 39
304 37
303 37
298 32
291 32
290 31
290 30
274 30
273 29
